Genes	Sample1	Sample2	Sample3	Sample4	Sample5	Sample6	Sample7	Sample8	Sample9	Sample10	Sample11	Sample12	Sample13	Sample14	Sample15	Sample16	Sample17	Sample18	Sample19	Sample20	Sample21	Sample22	Sample23	Sample24	Sample25	Sample26	Sample27	Sample28	Sample29	Sample30	Sample31	Sample32	Sample33	Sample34	Sample35	Sample36	Sample37	Sample38	Sample39	Sample40	Sample41	Sample42	Sample43	Sample44	Sample45
Gene1	0	0	0	0	0	0	0	0	0	0	0	0	0	0	0	0	0	0	0	0	0	0	0	0	0	0	0	0	0	0	0	0	0	0	0	0	0	0	0	0	0	0	0	0	0
Gene2	23	19	20	20	22	22	14	16	19	13	14	15	13	14	15	12	17	20	16	16	20	5	19	17	17	13	14	14	13	14	16	11	9	14	14	15	16	10	14	20	14	14	18	12	13
Gene3	0	0	1	1	1	0	4	7	13	4	8	11	9	6	11	2	7	8	6	8	10	1	5	17	17	3	2	2	2	2	4	3	5	6	4	3	3	3	3	3	4	4	4	3	3
Gene4	12	12	12	11	13	12	6	5	8	5	6	6	7	6	5	4	6	6	5	6	3	1	5	4	4	4	4	4	4	4	5	3	4	6	4	4	7	4	5	5	5	5	5	4	5
Gene5	0	0	0	0	0	0	0	0	0	0	0	0	0	0	0	0	0	0	0	0	0	0	0	0	0	0	0	0	0	0	0	0	0	0	0	0	0	0	0	0	0	0	0	0	0
Gene6	0	0	0	0	0	0	0	0	0	0	0	0	0	0	0	0	0	0	0	0	0	0	0	0	0	0	0	0	0	0	0	0	0	0	0	0	0	0	0	0	0	0	0	0	0
Gene7	0	0	0	0	0	0	1	0	2	0	0	1	2	0	2	0	2	1	0	1	2	0	1	2	1	1	1	0	1	1	1	1	5	1	1	0	2	0	0	1	1	4	1	1	0
Gene8	0	0	0	0	0	0	0	0	0	0	0	0	0	0	0	0	0	0	0	0	0	0	0	0	0	0	0	0	0	0	0	0	0	0	0	0	0	0	0	0	0	0	0	0	0
Gene9	3	4	4	4	3	3	10	26	17	9	21	19	10	18	19	16	12	24	18	18	19	7	16	23	17	7	9	10	6	8	9	12	7	16	15	13	11	7	11	16	15	11	16	11	10
Gene10	0	0	0	0	0	0	0	0	0	0	0	0	0	0	0	0	0	0	0	0	0	0	0	0	0	0	0	0	0	0	0	0	0	0	0	0	0	0	0	0	0	0	0	0	0
Gene11	0	0	0	0	0	0	0	0	0	0	0	0	0	0	0	0	0	0	0	0	0	0	0	0	0	0	0	0	0	0	0	0	0	0	0	0	0	0	0	0	0	0	0	0	0
Gene12	19	20	20	20	18	17	16	20	15	14	25	14	14	13	16	13	21	22	19	23	11	3	21	18	18	13	15	15	11	12	16	9	10	26	20	20	12	9	18	19	18	13	20	19	15
Gene13	7	7	6	6	7	5	10	13	11	6	9	9	11	14	11	6	10	10	8	7	11	5	8	14	12	5	5	5	4	4	6	3	1	4	3	3	5	4	2	3	5	1	6	6	5
Gene14	129	127	127	128	132	133	83	82	61	69	86	55	68	78	48	59	94	63	65	77	36	10	81	41	37	63	60	62	66	56	73	41	42	70	61	62	51	49	59	67	62	49	63	56	57
Gene15	0	0	0	0	0	0	0	0	0	0	0	0	0	0	0	0	0	0	0	0	0	0	0	0	0	0	0	0	0	0	0	0	0	0	0	0	0	0	0	0	0	0	0	0	0
Gene16	0	0	0	0	0	0	0	0	0	0	0	0	0	0	0	0	0	0	0	0	0	0	0	0	0	0	0	0	0	0	0	0	0	0	0	0	0	0	0	0	0	0	0	0	0
Gene17	0	0	0	0	0	0	0	0	0	0	0	0	0	0	0	0	0	0	0	0	0	0	0	0	0	0	0	0	0	0	0	0	0	0	0	0	0	0	0	0	0	0	0	0	0
Gene18	0	0	0	0	0	0	0	0	0	0	0	0	0	0	0	0	0	0	0	0	0	0	0	0	0	0	0	0	0	0	0	0	0	0	0	0	0	0	0	0	0	0	0	0	0
Gene19	27	27	27	26	28	29	6	1	3	6	3	3	8	2	2	5	3	3	2	3	1	0	3	2	3	6	4	5	5	4	5	4	2	4	4	3	5	5	3	3	3	4	3	4	3
Gene20	8	9	7	8	10	10	4	3	1	3	2	2	4	2	1	2	1	1	3	4	1	0	4	1	2	3	3	4	4	3	3	4	1	5	2	1	2	3	1	3	3	1	2	3	3
Gene21	0	0	0	0	0	0	0	0	0	0	0	0	0	0	0	0	0	0	0	0	0	0	0	0	0	0	0	0	0	0	0	0	0	0	0	0	0	0	0	0	0	0	0	0	0
Gene22	0	0	0	0	0	0	0	0	0	0	0	0	0	0	0	0	0	0	0	0	0	0	0	0	0	0	0	0	0	0	0	0	0	0	0	0	0	0	0	0	0	0	0	0	0
Gene23	49	52	47	49	50	50	19	5	5	18	5	5	18	5	4	13	7	3	6	6	3	1	8	4	4	15	13	14	13	14	14	7	6	14	12	9	6	11	13	15	12	9	11	14	11
Gene24	0	0	0	0	0	0	0	0	0	0	0	0	0	0	0	0	0	0	0	0	0	0	0	0	0	0	0	0	0	0	0	0	0	0	0	0	0	0	0	0	0	0	0	0	0
Gene25	5	5	5	6	5	5	5	6	2	5	7	4	5	5	4	4	6	5	6	5	6	1	6	5	3	3	4	4	3	4	4	2	3	5	4	6	5	4	4	5	3	1	4	5	4
Gene26	34	24	26	27	23	23	37	33	39	34	37	25	34	30	29	34	33	33	25	30	34	9	28	22	30	19	18	17	17	18	21	10	7	24	18	20	23	20	14	19	19	10	18	25	23
Gene27	0	0	0	0	0	0	0	0	0	0	0	0	0	0	0	0	0	0	0	0	0	0	0	0	0	0	0	0	0	0	0	0	0	0	0	0	0	0	0	0	0	0	0	0	0
Gene28	1	36	23	38	19	57	0	0	0	0	0	0	0	0	0	0	2	0	0	0	0	0	0	0	0	0	0	0	1	0	0	2	0	0	0	0	3	1	0	0	0	2	0	0	0
Gene29	0	0	0	0	0	0	0	0	0	0	0	0	0	0	0	0	0	0	0	0	0	0	0	0	0	0	0	0	0	0	0	0	0	0	0	0	0	0	0	0	0	0	0	0	0
Gene30	18	18	13	17	19	14	9	9	4	12	5	1	15	7	1	14	4	2	8	5	0	0	11	3	1	11	18	23	22	17	24	12	22	28	27	15	25	9	14	33	19	37	14	32	18
Gene31	9	7	7	8	7	8	14	28	21	18	23	31	22	25	22	15	27	27	30	30	30	7	30	41	27	14	12	16	12	13	14	18	15	19	19	22	27	13	19	15	17	15	20	17	16
Gene32	2	2	1	0	0	0	0	0	0	0	0	0	0	0	0	0	0	0	0	0	0	0	0	0	0	0	0	0	0	0	0	0	0	0	0	0	0	0	0	0	0	0	0	0	0
Gene33	0	0	0	0	0	0	0	0	0	0	0	0	0	0	0	0	0	0	0	0	0	0	0	0	0	0	0	0	0	0	0	0	0	0	0	0	0	0	0	0	0	0	0	0	0
Gene34	24	27	25	27	28	20	27	15	26	26	20	15	28	15	19	31	14	20	18	18	24	3	19	23	28	16	17	16	14	15	15	7	8	11	11	10	17	13	11	12	9	10	11	13	15
Gene35	0	0	0	0	0	0	0	0	0	0	0	0	0	0	0	0	0	0	0	0	0	0	0	0	0	0	0	0	0	0	0	0	0	0	0	0	0	0	0	0	0	0	0	0	0
Gene36	5	6	5	7	6	8	1	0	1	2	0	0	2	1	0	1	1	1	0	1	1	0	1	1	1	1	1	2	1	2	1	1	1	1	1	1	2	2	0	2	2	1	1	2	2
Gene37	10	9	11	10	9	10	24	39	47	21	39	37	36	35	44	27	46	40	35	39	55	13	33	75	61	16	18	28	19	18	23	18	17	30	22	21	25	25	21	20	22	21	27	22	20
Gene38	23	26	27	29	27	21	17	10	7	17	5	10	15	7	9	17	10	10	8	6	15	2	9	4	12	13	19	16	14	14	15	11	3	13	9	12	22	11	11	11	14	9	13	18	15
Gene39	0	0	0	0	0	0	0	0	0	0	0	0	0	0	1	0	0	0	0	0	0	0	0	0	0	0	0	0	0	0	0	0	0	0	0	0	0	0	0	0	0	0	0	0	0
Gene40	40	44	40	42	39	41	39	40	54	40	46	26	42	53	50	34	44	51	50	51	57	9	47	53	37	35	32	42	36	33	44	28	25	54	42	37	40	23	29	34	34	29	35	30	32
Gene41	0	0	0	0	0	0	0	0	0	0	0	0	0	0	0	0	0	0	0	0	0	0	0	0	0	0	0	0	0	0	0	0	0	0	0	0	0	0	0	0	0	0	0	0	0
Gene42	107	105	103	107	104	102	62	40	45	60	48	39	57	43	40	57	56	48	50	53	44	3	58	47	48	42	44	48	41	41	50	29	30	64	50	44	45	31	44	53	48	40	50	45	45
Gene43	0	0	0	0	0	0	0	0	0	0	0	0	0	0	0	0	0	0	0	0	0	0	0	0	0	0	0	0	0	0	0	0	0	0	0	0	0	0	0	0	0	0	0	0	0
Gene44	0	0	0	0	0	0	0	0	0	0	0	0	0	0	0	0	0	0	0	0	0	0	0	0	0	0	0	0	0	0	0	0	0	0	0	0	0	0	0	0	0	0	0	0	0
Gene45	0	0	0	0	0	0	0	0	0	0	0	0	0	0	0	0	0	0	0	0	0	0	0	0	0	0	0	0	0	0	0	0	0	0	0	0	0	0	0	0	0	0	0	0	0
Gene46	0	0	0	0	0	0	0	0	0	0	0	0	0	0	0	0	0	0	0	0	0	0	0	0	0	0	0	0	0	0	0	0	0	0	0	0	0	0	0	0	0	0	0	0	0
Gene47	0	0	0	0	0	0	3	0	0	0	0	0	0	0	0	0	0	0	0	0	0	0	0	0	0	0	0	0	0	0	0	0	0	0	0	0	0	0	0	0	0	0	0	0	0
Gene48	110	117	110	107	119	118	59	19	32	58	18	30	54	19	28	48	20	29	20	20	29	7	28	34	34	44	48	49	49	51	58	23	17	36	28	32	51	27	32	32	38	26	31	41	40
Gene49	0	0	0	0	0	0	0	0	0	0	0	0	1	0	0	0	0	0	0	0	0	0	0	0	0	0	0	0	0	0	0	0	0	0	0	0	0	0	0	0	0	0	0	1	0
Gene50	0	0	0	0	0	0	0	0	0	0	0	0	0	0	0	0	0	0	0	0	0	0	0	0	0	0	0	0	0	0	0	0	0	0	0	0	0	0	0	0	0	0	0	0	0
Gene51	26	31	29	25	28	28	12	7	9	14	8	9	13	10	6	13	9	10	8	7	7	5	9	7	8	9	8	8	10	10	10	6	4	9	8	6	14	9	7	10	8	7	10	11	11
Gene52	0	1	1	1	0	1	0	2	0	0	0	1	0	0	0	1	0	0	1	1	1	1	2	1	1	0	0	1	0	1	0	1	2	0	1	1	0	0	0	1	0	0	1	1	1
Gene53	1	1	0	1	1	0	0	0	0	0	0	0	0	0	0	0	0	0	0	0	0	0	0	0	0	1	0	0	0	0	0	0	0	0	0	0	0	0	0	0	0	0	0	0	0
Gene54	133	149	136	138	150	136	87	72	64	73	76	62	74	53	37	64	75	57	74	73	41	9	102	50	41	51	49	52	57	59	71	32	42	64	60	53	53	38	52	55	52	58	56	37	44
Gene55	60	65	57	69	59	64	47	12	12	39	16	13	48	8	9	25	9	7	10	13	4	1	20	8	3	37	42	46	48	45	40	28	26	42	26	43	53	39	44	43	54	29	52	55	54
Gene56	0	0	0	0	0	0	2	1	0	0	0	1	0	1	1	0	0	1	1	0	0	0	0	0	0	0	0	0	0	1	0	1	0	0	0	0	1	0	1	0	0	0	0	0	0
Gene57	79	84	72	77	79	73	16	10	10	14	15	10	14	12	5	18	12	8	14	16	5	1	16	5	4	14	13	15	15	15	18	8	11	17	13	13	16	11	13	14	12	14	13	12	13
Gene58	0	0	0	0	0	0	0	0	0	0	0	0	0	0	0	0	0	0	0	0	0	0	0	0	0	0	0	0	0	0	0	0	0	0	0	0	0	0	0	0	0	0	0	0	0
Gene59	0	0	0	0	0	0	0	0	0	0	0	0	0	0	0	0	0	0	0	0	0	0	0	0	0	0	0	0	0	0	0	0	0	0	0	0	0	0	0	0	0	0	0	0	0
Gene60	0	0	0	0	0	0	1	1	0	1	0	0	1	2	0	1	1	1	1	1	0	1	1	1	1	0	0	0	0	0	0	0	1	0	0	0	2	0	0	0	0	0	0	1	0
Gene61	0	0	0	0	0	0	0	0	0	0	0	0	1	0	0	0	0	0	0	0	0	0	0	0	0	0	0	0	0	0	0	0	0	0	0	0	0	0	0	0	0	0	0	0	0
Gene62	2	3	3	3	3	3	2	1	1	2	1	1	1	1	1	2	1	0	1	1	1	0	1	2	2	2	1	1	1	1	2	1	1	2	1	1	2	1	1	1	1	1	1	1	1
Gene63	0	0	0	0	0	0	0	0	0	0	0	0	0	0	0	0	0	0	0	0	0	0	0	0	0	0	0	0	0	0	0	0	0	0	0	0	0	0	0	0	0	0	0	0	0
Gene64	0	0	0	0	0	0	0	0	0	0	0	0	0	0	0	0	0	0	0	0	0	0	0	0	0	0	0	0	0	0	0	0	0	0	0	0	0	0	0	0	0	0	0	0	0
Gene65	0	0	0	0	0	0	0	0	0	0	0	0	0	0	0	0	0	0	0	0	0	0	0	0	0	0	0	0	0	0	0	0	0	0	0	0	0	0	0	0	0	0	0	0	0
Gene66	7	9	10	12	6	8	44	49	42	20	47	52	22	50	26	51	53	46	26	22	16	25	29	11	21	23	16	20	18	23	14	13	13	9	7	9	12	27	16	15	13	12	10	11	14
Gene67	7	13	13	15	9	5	2	1	1	1	1	1	1	1	1	1	0	0	0	0	0	0	0	0	0	0	0	1	0	0	0	0	0	0	0	0	0	0	0	0	0	0	0	0	0
Gene68	3	2	3	3	5	4	2	0	1	1	0	1	1	1	1	1	2	1	1	2	0	0	1	1	1	1	1	1	1	1	1	1	1	1	1	1	1	1	1	1	1	3	1	1	1
Gene69	0	0	0	0	0	0	5	3	5	4	4	8	10	5	6	4	5	4	2	3	6	3	2	11	7	2	2	1	1	1	1	4	3	1	3	2	4	2	1	2	2	2	2	2	1
Gene70	53	41	51	52	56	42	16	22	18	16	17	18	17	24	18	15	29	17	19	19	18	3	20	18	12	20	23	17	17	16	20	16	14	28	25	23	17	15	19	20	24	30	25	14	15
Gene71	0	0	0	0	0	0	0	0	0	0	0	0	0	0	0	0	0	0	0	0	0	0	0	0	0	0	0	0	0	0	0	0	0	0	0	0	0	0	0	0	0	0	0	0	0
Gene72	7	8	6	8	9	7	7	5	1	7	4	4	3	3	4	4	4	5	3	3	3	1	3	5	2	4	3	4	3	2	5	2	2	5	4	3	1	2	3	3	3	2	2	2	2
Gene73	0	0	0	0	0	0	0	0	0	0	0	0	0	0	0	0	0	0	0	0	0	0	0	0	0	0	0	0	0	0	0	0	0	0	0	0	0	0	0	0	0	0	0	0	0
Gene74	13	8	10	9	8	13	0	1	0	2	2	1	1	2	5	2	0	0	1	2	1	0	5	1	2	5	6	23	5	4	4	5	5	21	11	4	5	6	2	5	6	2	7	9	5
Gene75	16	20	14	26	14	17	14	1	2	4	1	6	1	6	0	4	1	9	3	5	5	2	4	8	10	8	7	7	4	4	8	4	6	12	9	8	5	2	6	4	15	2	2	6	7
Gene76	0	0	0	0	0	0	0	0	0	0	0	0	0	0	0	0	0	0	0	0	0	0	0	0	0	0	0	0	0	0	0	0	0	0	0	0	0	0	0	0	0	0	0	0	0
Gene77	0	0	0	0	0	0	0	2	0	0	0	0	0	0	0	0	0	0	0	0	0	0	0	0	2	0	0	0	0	0	0	0	0	0	0	1	0	0	0	0	0	0	1	0	0
Gene78	1	0	0	1	0	1	6	1	5	6	3	3	7	5	6	6	5	3	1	3	3	1	3	7	7	2	2	1	1	2	1	2	2	1	1	1	5	2	1	1	1	2	2	3	2
Gene79	1	0	0	0	0	0	0	0	0	2	0	0	2	0	0	0	0	0	0	0	0	0	0	1	0	0	1	0	0	0	0	0	0	0	0	0	0	0	0	0	0	0	0	0	0
Gene80	96	84	80	80	91	94	36	15	16	31	18	16	33	17	12	26	17	10	19	20	8	2	20	10	10	28	26	32	31	28	36	14	14	26	20	23	28	19	20	21	24	19	22	29	26
Gene81	0	0	0	0	0	0	0	0	0	0	0	0	0	0	0	0	0	0	0	0	0	0	0	0	0	0	0	0	0	0	0	0	0	0	0	0	0	0	0	0	0	0	0	0	0
Gene82	253	270	242	255	264	254	82	32	36	64	35	33	82	34	22	54	41	29	36	39	14	5	54	18	16	62	64	64	76	65	73	31	29	54	35	39	41	51	35	41	58	42	42	47	40
Gene83	1	0	0	0	0	1	4	3	3	4	2	2	4	3	3	4	3	2	4	2	3	0	1	5	2	2	1	1	1	1	1	1	1	0	1	1	2	2	1	0	1	1	1	2	2
Gene84	74	85	83	80	80	82	33	13	22	24	23	13	31	21	15	26	19	20	17	13	8	2	20	11	10	21	22	19	22	19	27	10	10	15	15	12	19	13	16	14	15	14	12	18	15
Gene85	0	0	0	0	0	0	0	0	0	0	0	0	0	0	0	0	0	0	0	0	0	0	0	0	0	0	0	0	0	0	0	0	0	0	0	0	0	0	0	0	0	0	0	0	0
Gene86	41	42	43	37	37	41	22	11	13	17	13	16	25	10	17	21	14	19	12	13	13	4	13	22	11	12	15	16	13	14	15	6	7	14	8	12	24	12	10	12	12	10	13	15	13
Gene87	0	0	1	1	1	0	0	0	0	0	0	0	0	0	0	0	0	0	0	0	0	0	0	0	0	0	0	1	0	0	1	0	0	0	0	0	0	0	0	0	0	0	0	0	0
Gene88	0	0	0	0	0	0	0	0	0	0	0	0	0	0	0	0	0	0	0	0	0	0	0	0	0	0	0	0	0	0	0	0	0	0	0	0	0	0	0	0	0	0	0	0	0
Gene89	2	2	4	3	1	4	2	6	20	2	14	6	2	10	5	2	19	11	18	23	14	10	27	9	8	10	12	8	12	14	1	38	43	8	7	10	11	71	13	7	20	18	3	9	19
Gene90	0	0	0	0	0	0	0	0	0	1	0	0	0	0	0	0	0	0	0	0	0	0	0	0	0	0	0	0	0	0	0	0	0	0	0	0	0	0	0	0	0	0	0	0	0
Gene91	1	0	0	0	0	0	1	0	0	0	0	0	1	0	1	1	1	0	0	0	0	0	0	0	1	0	0	0	0	0	0	0	0	1	1	0	0	0	0	0	0	0	1	1	1
Gene92	0	0	0	0	0	0	0	0	0	0	0	0	0	0	0	0	0	0	0	0	0	0	0	0	0	0	0	0	0	0	0	0	0	0	0	0	0	0	0	0	0	0	0	0	0
Gene93	0	0	0	0	0	0	0	0	0	0	0	0	0	0	0	0	0	0	0	0	0	0	0	0	0	0	0	0	0	0	0	0	0	0	0	0	0	0	0	0	0	0	0	0	0
Gene94	1	1	1	1	2	1	4	4	7	4	3	8	6	5	7	4	6	5	3	5	6	3	3	9	7	3	2	2	1	1	2	4	4	3	3	3	5	3	2	2	1	3	4	2	3
Gene95	0	0	0	0	0	0	0	0	0	0	0	0	0	0	0	0	0	0	0	0	0	0	0	0	0	0	0	0	0	0	0	0	0	0	0	0	0	0	0	0	0	0	0	0	0
Gene96	493	532	507	536	568	416	246	107	156	216	151	81	225	164	133	94	316	220	221	216	148	14	206	172	93	333	316	338	160	191	220	428	361	539	455	316	301	223	523	524	530	449	418	451	401
Gene97	58	59	52	57	61	61	15	8	10	15	6	16	18	8	8	26	12	11	10	7	11	4	14	10	13	13	16	13	13	13	14	3	6	12	13	9	19	11	10	10	11	10	8	12	10
Gene98	696	710	679	660	709	693	246	291	273	238	344	225	247	296	180	294	278	260	230	245	151	36	277	134	147	159	159	165	187	189	218	91	100	185	147	142	165	112	166	162	152	168	161	146	150
Gene99	1	1	1	1	1	1	9	3	8	8	4	6	9	5	7	8	6	5	6	6	6	1	3	8	7	4	3	3	3	2	2	3	3	3	2	2	5	5	2	3	3	4	4	5	5
Gene100	0	0	0	0	0	0	2	4	4	2	2	7	3	2	3	3	2	2	3	2	3	5	2	4	3	0	1	0	1	0	1	1	0	1	1	1	1	1	1	1	0	2	1	0	1
Gene101	0	1	1	1	1	0	0	0	1	1	1	4	1	1	1	1	0	1	1	1	0	0	0	2	0	1	1	0	1	0	1	1	1	1	0	1	1	2	1	0	1	0	1	2	1
Gene102	0	0	0	0	0	0	0	0	0	0	0	0	0	0	0	0	0	0	0	0	0	0	0	0	0	0	0	0	0	0	0	0	0	0	0	0	0	0	0	0	0	0	0	0	0
Gene103	8	8	6	8	8	7	0	0	0	1	0	1	0	0	0	0	0	0	0	0	1	0	1	0	0	1	2	2	1	1	1	0	0	2	1	1	1	1	2	0	2	1	1	2	2
Gene104	3	3	3	3	3	4	9	6	6	4	7	9	6	9	7	7	12	11	6	6	7	1	8	9	8	3	2	5	3	2	3	4	2	4	3	2	4	3	5	6	6	4	3	4	4
Gene105	0	0	0	0	0	0	0	0	0	0	0	0	0	0	0	0	0	0	0	0	0	0	0	1	0	0	0	0	0	0	0	0	0	0	0	0	0	0	0	0	0	0	0	0	0
Gene106	0	0	0	0	0	0	0	0	0	0	0	0	0	0	0	0	0	0	0	0	0	0	0	0	0	0	0	0	0	0	0	1	0	0	0	0	0	0	0	0	0	0	0	0	0
Gene107	1	1	1	1	1	1	1	1	0	1	2	4	1	1	1	4	1	1	1	0	1	0	1	0	0	0	1	0	0	1	0	0	0	1	0	0	0	0	0	0	0	0	1	0	0
Gene108	0	0	0	0	0	0	1	1	1	1	1	1	2	1	2	1	2	1	0	0	1	0	0	3	1	1	1	1	0	0	0	2	0	0	1	0	0	0	0	0	0	0	1	1	0
Gene109	56	52	51	54	53	56	102	78	101	100	102	58	81	96	79	107	66	115	91	93	148	12	90	112	112	50	49	54	71	63	75	43	29	72	65	80	100	47	52	50	48	40	62	56	65
Gene110	0	0	0	0	0	0	0	0	0	0	0	0	0	0	0	0	0	0	0	0	0	0	0	0	0	0	0	0	0	0	0	0	0	0	0	0	0	0	0	0	0	0	0	0	0
Gene111	0	0	0	0	0	0	0	0	0	0	0	0	0	1	0	0	0	0	0	0	0	0	0	0	0	0	0	0	0	0	0	0	0	0	0	0	0	0	0	0	0	0	0	0	0
Gene112	27	28	27	30	29	27	10	5	3	5	4	2	6	3	4	6	6	5	6	7	2	1	6	2	1	9	9	12	11	10	10	11	6	14	9	9	9	11	8	11	10	6	11	12	11
Gene113	9	8	8	8	10	9	4	3	2	3	3	2	2	4	2	2	4	3	4	5	3	1	6	3	2	5	5	5	3	4	4	3	1	6	5	6	3	4	7	6	8	5	3	5	5
Gene114	35	31	31	33	33	37	55	84	75	58	69	66	49	56	85	66	62	69	52	64	108	29	66	100	107	27	27	27	29	29	36	15	16	27	19	33	33	19	27	29	21	15	34	25	30
Gene115	0	0	0	0	0	0	0	0	0	0	0	0	0	0	0	0	0	0	0	0	0	0	0	0	0	0	0	0	0	0	0	0	0	0	0	0	0	0	0	0	0	0	0	0	0
Gene116	25	25	24	29	28	27	21	16	22	24	19	16	27	16	15	29	15	22	19	17	21	4	18	20	22	17	13	20	15	13	15	8	5	13	9	9	23	10	14	17	19	14	15	17	17
Gene117	0	0	0	0	0	0	0	0	0	0	0	0	0	0	0	0	0	0	0	0	0	0	0	0	0	0	0	0	0	0	0	0	0	0	0	0	0	0	0	0	0	0	0	0	0
Gene118	2	1	1	2	2	1	0	0	0	0	0	0	0	0	0	0	1	0	0	0	0	0	0	0	0	0	0	1	0	0	0	0	1	1	1	1	0	1	1	1	1	1	1	1	1
Gene119	16	17	16	14	16	17	27	37	47	25	49	32	36	47	29	31	57	46	25	28	18	4	37	24	23	14	13	16	15	17	18	17	15	15	11	13	6	23	15	12	20	14	15	13	13
Gene120	28	30	31	29	27	28	24	23	23	23	20	21	26	17	21	24	25	26	20	26	18	5	26	22	18	17	19	19	17	16	19	10	10	25	18	18	18	15	19	21	19	15	21	18	18
Gene121	120	130	138	122	112	132	96	105	120	97	122	124	90	110	157	104	118	138	105	108	136	30	105	137	125	64	60	62	62	54	73	46	31	81	58	64	58	59	66	74	70	47	85	71	72
Gene122	29	23	24	22	29	22	9	5	8	15	11	8	12	9	8	5	29	16	16	20	8	3	14	8	11	16	15	14	21	18	21	19	18	55	35	41	20	18	40	30	36	24	59	48	47
Gene123	120	125	132	129	121	120	66	42	59	66	66	56	59	55	53	53	56	64	43	49	50	27	53	41	51	40	36	39	43	39	46	22	19	41	28	31	43	30	35	40	39	30	41	41	45
Gene124	0	0	0	0	0	0	0	0	0	0	0	1	1	0	0	0	0	0	0	0	1	0	0	0	0	0	0	1	0	0	0	0	0	0	0	0	1	0	0	0	0	0	0	0	0
Gene125	0	0	0	0	0	0	0	0	0	0	0	0	0	0	0	0	0	0	0	0	0	0	0	0	1	0	0	0	0	0	0	0	0	0	0	0	0	0	0	0	0	0	0	0	0
Gene126	0	0	0	0	0	0	0	0	0	0	0	0	0	0	0	0	0	0	0	0	0	0	0	0	0	0	0	0	0	0	0	0	0	0	0	0	0	0	0	0	0	0	0	0	0
Gene127	0	0	0	0	0	0	0	0	0	0	0	0	0	0	0	0	0	0	0	0	0	0	0	0	0	0	0	0	0	0	0	0	0	0	0	0	0	0	0	0	0	0	0	0	0
Gene128	0	0	0	0	0	0	0	0	0	0	0	0	0	0	0	0	0	0	0	0	0	0	0	0	0	0	0	0	0	0	0	0	0	0	0	0	0	0	0	0	0	0	0	0	0
Gene129	0	0	0	0	0	0	0	0	0	0	0	0	0	0	0	0	0	0	0	0	0	0	0	0	0	0	0	0	0	0	0	0	0	0	0	0	0	0	0	0	0	0	0	0	0
Gene130	0	0	0	0	0	0	0	0	0	0	1	0	0	0	0	0	0	1	0	0	0	0	0	0	0	0	0	0	0	0	0	0	0	0	0	0	0	0	0	0	0	0	0	0	0
Gene131	0	0	0	0	0	0	0	0	0	0	0	0	0	0	0	0	0	0	0	0	0	0	0	0	0	0	0	0	0	0	0	0	0	1	1	1	0	0	0	0	0	0	0	0	0
Gene132	2	1	1	1	1	1	1	1	1	2	1	1	1	1	1	2	2	2	2	1	1	0	2	2	2	1	2	1	1	2	2	2	1	2	2	1	2	2	1	1	2	1	3	3	3
Gene133	0	0	0	0	0	0	0	0	0	0	0	0	0	0	0	0	0	0	0	0	0	0	0	0	0	0	0	0	0	0	0	2	0	1	0	1	4	1	0	0	0	0	0	0	0
Gene134	2	2	3	3	3	3	5	12	8	4	7	10	6	8	9	5	10	8	8	11	14	3	8	19	14	4	5	4	3	3	6	6	5	8	8	6	5	5	5	6	6	6	7	4	5
Gene135	0	1	2	1	1	2	0	0	2	0	0	0	1	0	0	0	0	0	1	1	0	0	1	0	0	3	3	2	3	3	0	10	10	3	1	2	1	14	2	2	4	3	2	1	4
Gene136	68	66	62	72	67	67	14	5	7	13	6	4	12	6	4	10	9	5	7	9	4	1	11	4	4	16	17	15	16	17	17	12	9	15	11	13	12	15	12	16	12	17	18	15	17
Gene137	2	2	1	2	3	1	1	0	1	1	1	0	1	1	0	1	1	1	1	1	1	0	0	1	0	2	1	1	1	2	1	2	1	2	1	1	1	1	1	1	1	0	1	1	1
Gene138	41	39	38	42	42	36	13	15	14	11	13	11	12	10	9	9	16	13	12	13	11	2	15	15	9	12	14	12	11	10	14	7	12	22	17	13	8	7	14	12	15	16	12	9	10
Gene139	5	4	2	1	2	2	0	0	1	1	0	0	0	0	0	0	0	0	0	0	0	0	0	0	0	0	0	0	0	0	0	0	0	0	0	0	0	0	0	0	0	0	0	0	0
Gene140	363	380	394	373	356	392	293	192	224	298	230	251	290	194	263	319	212	258	160	178	243	101	194	202	271	222	229	231	254	245	253	122	96	217	178	224	305	163	197	214	226	144	228	215	232
Gene141	0	0	0	0	0	0	0	0	0	0	0	0	0	0	0	0	0	0	0	1	0	1	1	1	1	0	0	0	0	0	0	0	0	0	0	0	0	0	0	0	0	0	0	0	0
Gene142	0	1	2	2	0	0	1	0	0	0	0	0	0	0	0	0	0	1	0	0	0	0	0	0	0	0	0	0	0	0	0	0	0	0	0	0	0	0	0	0	0	0	0	0	0
Gene143	0	0	0	0	0	0	0	0	0	0	0	0	0	0	0	0	0	0	1	0	0	0	0	0	0	0	0	0	0	0	0	0	0	1	0	0	1	1	0	0	0	0	1	0	0
Gene144	43	44	48	42	36	41	55	77	71	65	73	67	60	65	72	55	79	87	61	65	73	15	72	94	65	49	55	59	50	51	58	35	31	72	55	59	55	42	62	57	52	44	63	50	56
Gene145	0	0	0	0	0	0	0	0	0	0	0	0	0	0	0	0	0	0	0	0	0	0	0	0	0	0	0	0	0	0	0	0	0	0	0	0	0	0	0	0	0	0	0	0	0
Gene146	0	0	0	0	0	0	0	0	0	0	0	0	0	0	0	0	0	0	0	0	0	0	0	0	0	0	0	0	0	0	0	0	0	0	0	0	0	0	0	0	0	0	0	0	0
Gene147	0	0	0	0	0	0	0	0	0	0	0	0	0	0	0	0	0	0	0	0	0	0	0	0	0	0	0	0	0	0	0	0	0	0	0	0	0	0	0	0	0	0	0	0	0
Gene148	20	19	17	16	20	18	13	8	10	12	7	7	13	9	8	11	10	8	10	10	8	2	12	8	7	13	16	14	12	12	13	9	8	16	13	12	10	12	9	13	13	10	12	12	12
Gene149	0	0	0	0	0	0	0	0	0	0	0	0	0	0	0	0	0	0	0	0	0	0	0	0	0	0	0	0	0	0	0	0	0	0	0	0	0	0	0	0	0	0	0	0	0
Gene150	10	11	12	11	10	11	10	10	10	10	10	7	10	10	8	10	13	11	6	9	7	2	8	9	6	4	5	6	5	4	7	5	6	6	5	5	6	4	6	6	6	5	6	5	5
