Gene	Sample1	Sample2	Sample3	Sample4	Sample5	Sample6	Sample7	Sample8	Sample9	Sample10	Sample11	Sample12	Sample13	Sample14	Sample15	Sample16	Sample17	Sample18	Sample19	Sample20	Sample21	Sample22	Sample23	Sample24	Sample25	Sample26	Sample27	Sample28	Sample29	Sample30	Sample31	Sample32	Sample33	Sample34	Sample35	Sample36	Sample37	Sample38	Sample39	Sample40	Sample41	Sample42	Sample43	Sample44	Sample45
Gene1	0	0	0	0	0	0	0	0	0	0	0	0	0	0	0	0	0	0	0	0	0	0	0	0	0	0	0	0	0	0	0	0	0	0	0	0	0	0	0	0	0	0	0	0	0
Gene2	22.97	19.38	20.13	19.7	21.74	21.58	13.61	16.03	18.73	12.8	14.46	14.96	13.24	14.06	14.86	11.67	17.18	19.69	16.32	16.07	19.89	5.33	18.68	17.28	17.07	13.28	14.08	14.22	13.44	14.02	16.15	11.32	8.72	14.13	14.14	15.16	15.77	10.25	13.87	20.45	14.46	14.42	17.5	11.69	12.51
Gene3	0.4	0.11	0.73	0.76	1.05	0.41	3.75	7.38	12.54	3.84	7.68	10.8	8.86	5.79	10.77	2.47	7.19	7.54	5.94	7.67	10.26	1.21	4.89	16.8	16.55	2.81	2.14	2.07	2.32	1.57	4.14	2.92	4.58	5.51	4.46	3.18	3.49	2.63	3.01	3	3.65	3.67	4.09	2.62	3.45
Gene4	12.21	12.2	12.04	11.08	12.6	12.26	5.63	5.29	7.51	5.02	5.85	6.26	7.38	6.08	4.64	4.5	6.37	5.82	4.53	5.99	3.4	1.28	5.25	3.69	3.91	4.49	3.77	4.02	4.35	4.34	5.39	3.03	3.58	5.57	4.4	4.46	6.91	4.07	4.51	4.64	4.59	5.2	5.38	3.52	4.95
Gene5	0	0	0	0	0	0	0	0	0	0	0	0	0	0	0	0	0	0	0	0	0	0	0	0	0	0	0	0	0	0	0	0	0	0	0	0	0	0	0	0	0	0	0	0	0
Gene6	0	0	0	0	0	0	0	0	0	0	0	0	0	0	0	0	0	0	0	0	0	0	0	0	0	0	0	0	0	0	0	0	0	0	0	0	0	0	0	0	0	0	0	0	0
Gene7	0	0	0.21	0	0	0	1.44	0.34	1.66	0	0.41	1.07	2.33	0.36	1.53	0.33	1.74	0.85	0.18	0.52	1.67	0	1.21	1.6	1	0.91	0.84	0	0.61	0.55	1.37	1.26	5.45	0.81	0.84	0.42	1.85	0.34	0	1.37	0.67	3.62	1.36	0.57	0.19
Gene8	0	0	0	0	0	0	0	0	0	0	0	0	0	0	0	0	0	0	0	0	0	0	0	0	0	0	0	0	0	0	0	0	0	0	0	0	0	0	0	0	0	0	0	0	0
Gene9	3.13	4.29	3.96	4.09	2.55	3.37	9.94	25.65	16.82	8.9	20.9	18.89	10.3	18.17	19.03	15.69	11.98	23.87	17.7	18.39	18.59	7.19	16.3	23.3	17.47	7.21	9.4	9.96	5.57	7.74	8.66	12.26	6.79	16.28	15.3	13.13	11.34	6.9	11.02	15.54	14.69	11.42	16.49	11.15	10.03
Gene10	0	0	0	0	0	0	0	0	0	0	0	0	0	0	0	0	0	0	0	0	0	0	0	0	0	0	0	0	0	0	0	0	0	0	0	0	0	0	0	0	0	0	0	0	0
Gene11	0	0	0	0	0	0	0	0	0	0	0	0	0	0	0	0	0	0	0	0	0	0	0	0	0	0	0	0	0	0	0	0	0	0	0	0	0	0	0	0	0	0	0	0	0
Gene12	19.39	20.19	20.07	19.52	17.71	17.25	16.26	20.35	15.25	14.16	24.52	14.02	14.05	13.42	15.7	13.12	21.43	21.59	18.98	22.66	11.24	3.05	21.1	18.23	18.24	13.32	15.34	14.95	10.85	12.46	15.59	8.96	10.35	26.38	19.7	20.09	11.71	9.16	17.73	19.08	18.44	12.93	20.23	19.21	14.99
Gene13	6.59	6.55	5.77	5.58	7.01	5.39	10.29	12.8	11.31	6.42	8.53	8.77	11.23	14.09	11.17	6.34	10.25	9.64	8.45	7.3	10.54	4.61	8.14	13.57	12.02	4.8	5.36	4.8	3.74	3.92	5.89	2.84	1.31	3.68	3.3	3.39	4.66	4.45	2.27	3.35	4.57	1.42	5.82	6.07	4.74
Gene14	129.28	127.41	126.74	127.53	132.04	132.96	82.54	81.96	61.01	68.81	85.98	54.87	67.55	77.72	48.42	59.11	93.76	63.42	65.3	76.73	36.2	9.8	81.23	40.55	36.67	62.91	60.47	62.15	66.42	56.02	72.82	40.61	41.61	69.92	61.41	61.76	51.49	49.34	59.23	66.52	61.74	49.23	62.97	55.6	56.62
Gene15	0	0	0	0	0	0	0	0	0	0	0	0	0	0	0	0	0	0	0	0	0	0	0	0	0	0	0	0	0	0	0	0	0	0	0	0	0	0	0	0	0	0	0	0	0
Gene16	0	0	0	0	0	0	0	0	0	0	0	0	0	0	0	0	0	0	0	0	0	0	0	0	0	0	0	0	0	0	0	0	0	0	0	0	0	0	0	0	0	0	0	0	0
Gene17	0.09	0.07	0.03	0.1	0.1	0.04	0.06	0	0	0.06	0	0	0.24	0	0.1	0.08	0	0	0.06	0.03	0.07	0.02	0.08	0	0.04	0.2	0.03	0.17	0.12	0.07	0.09	0.03	0	0.1	0.07	0.1	0	0.11	0.22	0.03	0.19	0.21	0.07	0.16	0.03
Gene18	0	0	0	0	0	0	0	0	0	0	0	0	0	0	0	0	0	0	0	0	0	0	0	0	0	0	0	0	0	0	0	0	0	0	0	0	0	0	0	0	0	0	0	0	0
Gene19	26.99	27.02	27.1	25.79	27.53	29.43	6.3	1.46	3.16	6.38	2.82	2.56	7.52	2.22	2.04	5.28	3	2.88	2.18	3	1.18	0.29	3.29	1.87	2.51	5.5	3.96	4.8	4.69	4.17	5.21	3.6	2.46	4.26	4.09	3.31	5.19	4.9	3.2	3.34	3.23	3.59	3.27	4.14	3.14
Gene20	8.41	8.94	6.7	8.41	10.16	10.25	3.8	2.51	1.33	2.78	1.76	1.52	3.6	1.95	1.05	2.01	1.28	0.94	2.69	3.93	0.68	0.12	3.83	0.55	1.65	3.13	3.19	3.84	3.79	2.97	3.24	3.68	1.44	5.49	2.15	1.42	2.33	2.7	1.49	3.24	3.14	1.47	2.22	2.53	3.21
Gene21	0.29	0	0.11	0.21	0.16	0.41	0	0.18	0	0	0	0	0	0	0.35	0	0.11	0	0.09	0.09	0.11	0	0	0	0	0	0.18	0.08	0.08	0	0	0	0	0	0	0.11	0	0	0	0	0	0	0.12	0	0.1
Gene22	0	0	0	0	0	0	0	0	0	0	0	0	0	0	0	0	0	0	0	0	0	0	0	0	0	0	0	0	0	0	0	0	0	0	0	0	0	0	0	0	0	0	0	0	0
Gene23	48.79	52.49	47.07	49.48	50.42	49.99	19.27	4.68	4.51	18.16	5.27	4.85	17.92	4.6	3.74	13.04	6.8	2.65	6.11	5.52	3.13	0.62	7.98	3.81	3.97	15.35	12.88	14.01	12.85	13.87	14.25	7.18	5.82	13.54	12.05	8.83	6.19	10.55	12.69	15.08	11.55	9.17	11.19	14.22	10.89
Gene24	0	0	0	0	0	0	0	0	0	0	0	0	0	0	0	0	0	0	0	0	0	0	0	0	0	0	0	0	0	0	0	0	0	0	0	0	0	0	0	0	0	0	0	0	0
Gene25	5.37	4.78	5.11	5.78	4.85	5.13	4.93	5.97	2.36	5.37	6.51	3.6	4.98	4.84	4.2	3.66	6.28	4.62	5.68	4.72	5.52	1.45	5.8	5.29	2.93	2.97	3.87	3.92	3.3	4.06	4.09	2.22	2.96	4.69	3.84	5.82	5.27	3.8	4.2	4.82	2.87	1.45	4.48	4.91	3.52
Gene26	33.81	23.97	25.84	26.53	23.1	22.76	36.58	33.35	38.92	33.93	37.22	25.45	34.5	29.87	29.32	34.23	33.07	32.94	25.17	29.94	33.92	8.84	28.32	21.65	30	18.86	17.72	17.28	17.42	18.4	21.11	9.74	6.58	23.77	18.35	20.41	23.23	20.33	14.16	19.1	18.59	10.08	17.56	24.68	22.95
Gene27	0	0	0	0	0	0	0	0	0	0	0	0	0	0	0	0	0	0	0	0	0	0	0	0	0	0	0	0	0	0	0	0	0	0	0	0	0	0	0	0	0	0	0	0	0
Gene28	0.51	36.05	22.85	37.65	19.46	56.92	0	0	0	0	0	0	0	0.25	0.15	0	1.51	0	0	0	0	0.07	0	0	0	0.21	0	0.11	1.05	0	0	1.75	0.27	0.14	0	0.44	2.79	0.59	0.13	0.4	0	1.61	0.31	0.26	0.13
Gene29	0	0	0	0	0	0	0	0	0.14	0	0	0	0.15	0	0	0	0	0	0	0	0.12	0	0	0.16	0	0	0	0	0	0	0	0	0	0	0	0	0	0	0	0	0	0.15	0.13	0.11	0
Gene30	18.47	18.11	12.96	16.94	19.05	14.39	8.82	9.37	4	11.58	4.9	1.32	14.98	7.08	0.67	13.95	4.32	1.96	8.26	4.55	0	0	10.59	2.88	0.76	11.39	17.55	23.11	22.45	17.08	24.09	12.08	21.54	28.38	26.63	14.89	25.31	9.09	14.2	33.24	19.13	37.32	14.31	32.41	18.2
Gene31	8.57	7.29	6.91	7.59	6.9	7.84	14.37	28.23	21.25	18.26	23.29	30.65	22.38	24.83	21.95	15.35	26.82	26.76	29.88	29.52	29.8	7.04	29.96	40.64	27.24	14.38	12.29	15.66	11.6	13.22	13.94	18.4	14.93	19.38	18.71	21.58	27.24	13.32	19.14	15.04	17.34	14.8	20.39	16.91	16.29
Gene32	1.67	1.69	0.96	0	0.23	0	0	0	0	0	0	0	0	0	0	0	0	0	0	0	0	0	0	0	0	0	0	0.12	0	0	0	0	0	0	0	0	0	0	0	0.15	0.13	0.19	0	0	0
Gene33	0.34	0.19	0.38	0.41	0.28	0.24	0.16	0.05	0	0.18	0.06	0.33	0	0.05	0	0.1	0.07	0	0.05	0.11	0.19	0	0.47	0.08	0.23	0.09	0.1	0.19	0.09	0.17	0.28	0.19	0.06	0.12	0.19	0.13	0.26	0	0.12	0	0.15	0	0.14	0.4	0.39
Gene34	23.97	27.22	25.23	26.79	27.91	20.48	27.3	15.31	25.71	26.23	19.82	14.68	27.9	14.57	19.24	30.78	14.21	20.29	17.96	18.5	24.24	2.92	19.21	22.95	28.43	16.48	17.17	16.44	14.33	14.84	14.75	7.1	7.97	10.88	10.7	9.64	16.83	13.1	10.69	11.56	8.93	10.47	11.06	13.1	14.51
Gene35	0	0	0	0	0	0	0	0	0	0	0	0	0	0	0	0	0	0	0	0.21	0	0	0	0	0	0	0	0	0	0	0	0	0	0	0	0	0	0	0	0	0	0	0	0	0
Gene36	4.79	6.05	5.03	7.36	6.39	7.8	0.9	0.11	0.91	1.94	0.34	0.12	1.5	1.28	0.31	0.82	0.6	0.59	0.22	0.88	0.69	0.06	1.15	1.47	0.53	0.78	1.37	2.21	1.46	1.58	1.36	1.21	0.88	1.32	0.99	1.2	1.85	1.58	0.37	2.45	2.15	0.85	1.22	2.47	1.75
Gene37	10.29	9.1	10.83	10.28	8.66	9.54	23.61	39.21	46.99	21.18	39.02	36.71	36.14	35.44	44.08	27.21	45.75	40	34.62	39.19	54.96	12.66	32.93	75.18	61.38	16.27	17.55	27.97	18.64	18.42	22.73	18.39	16.81	29.69	22.06	21.41	25.37	24.7	20.96	20.4	22.09	21.4	26.92	21.55	20.01
Gene38	23.48	26.08	26.67	29.38	27.09	21.37	16.63	9.69	7.06	17.36	5.26	9.74	15.24	7.13	9.17	17.18	10.47	10.23	7.89	5.9	14.56	2.34	9.49	4.35	11.8	13.28	18.63	15.88	13.73	13.95	15.29	11.4	2.9	12.68	9.06	11.73	21.85	11.04	11.05	10.85	13.78	8.92	12.88	18.32	14.66
Gene39	0.1	0	0	0	0	0.14	0	0	0	0	0	0	0	0	0.58	0.27	0.12	0	0	0	0	0	0	0.43	0	0	0	0.08	0	0	0	0	0	0	0	0	0.09	0	0	0	0	0	0	0	0
Gene40	40.32	43.85	39.87	42.06	39.1	41.41	38.84	40.27	54.07	40.47	45.76	25.66	42.33	52.62	49.58	34.25	44.28	51.36	49.9	51.14	56.7	9.22	47.43	52.81	37.29	34.63	32.3	42.15	35.64	32.94	43.99	27.77	24.52	53.96	41.94	36.99	40.42	23.35	29.49	33.52	33.63	29.32	35.21	29.85	31.63
Gene41	0	0	0	0	0	0	0	0	0	0	0	0	0	0	0	0	0	0	0	0	0	0	0	0	0	0	0	0	0	0	0	0	0	0	0	0	0	0	0	0	0	0	0	0	0
Gene42	107.19	104.67	103.34	106.96	103.65	102.5	62.44	39.74	44.61	59.98	48.47	38.89	56.69	43.3	39.54	57.16	55.89	48.33	50.41	53.37	43.59	2.63	57.75	47.13	48.24	41.72	44.17	48.15	41.04	40.77	50.41	29.48	30.09	64.2	49.91	43.73	45.16	31.21	43.73	52.94	47.86	39.75	50.02	45.48	44.92
Gene43	0	0	0	0	0	0	0	0	0	0	0	0	0	0	0	0	0	0	0	0	0	0	0	0	0	0	0	0	0	0	0	0	0	0	0	0	0	0	0	0	0	0	0	0	0
Gene44	0	0	0	0	0	0	0	0	0	0	0	0	0	0	0	0	0	0	0	0	0	0	0	0	0	0	0	0	0	0	0	0	0	0	0	0	0	0	0	0	0	0	0	0	0
Gene45	0.26	0	0	0	0	0	0	0	0	0	0	0	0	0	0	0	0	0	0	0	0	0	0	0	0	0	0	0	0	0	0	0	0	0	0	0.3	0	0	0.28	0	0	0	0	0	0
Gene46	0	0	0	0	0	0	0	0	0	0	0	0	0	0	0	0	0	0	0	0	0	0	0	0	0	0	0	0	0	0	0	0	0	0	0	0	0	0	0	0	0	0	0	0	0
Gene47	0	0	0	0	0	0	3.02	0	0	0	0	0	0	0	0	0	0	0	0	0	0	0	0	0	0	0	0	0	0	0	0	0	0	0	0	0	0	0	0	0	0	0	0	0	0
Gene48	110.41	116.86	110.49	107.19	118.99	118.09	59.33	18.92	31.72	58.46	17.84	29.57	54.49	19.44	28.24	47.97	19.89	28.8	19.88	20.4	29.44	6.54	28.14	34.09	33.57	43.7	47.94	48.94	49.01	51.07	58.1	22.59	17.3	36.15	28.38	31.61	50.89	26.91	31.9	31.59	37.77	26.44	31.22	41.34	40.07
Gene49	0.17	0.05	0	0.09	0.07	0	0.19	0.07	0.21	0.09	0.18	0.05	1.17	0	0.14	0.11	0.41	0	0.16	0.27	0.23	0.04	0.19	0.29	0.16	0.27	0.3	0.07	0.03	0.21	0.37	0.14	0	0	0	0.05	0.04	0.24	0	0.18	0.26	0	0	0.77	0
Gene50	0	0	0	0	0	0	0	0	0	0	0	0	0	0	0	0	0	0	0	0	0	0	0	0	0	0	0	0	0	0	0	0	0	0	0	0	0	0	0	0	0	0	0	0	0
Gene51	26.01	31.2	28.91	24.98	27.55	28.12	12.19	7.4	8.89	13.81	8.14	8.72	12.96	9.52	6.33	12.51	9.39	10.08	7.9	6.66	6.63	4.57	8.52	6.86	7.68	8.93	8.43	7.84	10.39	10.18	10.38	6.23	3.9	8.85	7.9	6.35	14.31	9.11	7.08	9.93	8.32	6.68	10.38	11.42	10.77
Gene52	0.46	0.67	0.7	0.8	0	0.64	0.15	2.5	0.39	0	0.17	0.88	0	0.29	0.36	0.68	0	0.35	0.74	1.01	0.52	1.43	1.71	1.1	1.03	0.37	0	0.64	0.5	0.56	0.5	0.87	2.41	0.33	0.87	0.52	0.42	0.14	0.32	0.97	0.14	0	0.56	0.63	0.77
Gene53	0.64	0.57	0.44	0.75	1.08	0	0	0	0	0	0	0	0	0	0	0	0.17	0	0	0	0	0	0	0	0	0.74	0	0.32	0	0.1	0.12	0	0	0	0	0	0	0	0.3	0.41	0	0.36	0	0	0
Gene54	133.16	148.87	136.37	137.72	150.35	136.4	87.37	71.89	64.02	73.42	75.61	61.68	73.8	52.87	36.87	64.3	75.09	56.97	73.63	72.72	40.96	8.58	101.58	49.8	40.55	51.45	49.22	52.31	56.9	58.55	71.1	31.62	42.42	64.42	60.15	52.91	52.55	38.02	52.07	55.1	52.26	58.28	56.29	37.39	44.12
Gene55	60.19	65.3	56.54	68.97	58.91	63.83	47.15	12.03	11.92	39.35	15.59	12.55	47.84	7.53	8.86	24.98	9.19	6.91	9.9	13.02	4.41	0.83	19.65	8.25	3.23	36.99	41.81	45.5	48.41	45.2	40.14	28.03	26.26	42.17	26.26	42.94	53.22	39.02	43.84	43.16	54.22	28.52	51.83	54.76	53.96
Gene56	0	0	0	0.48	0	0.32	1.63	1.02	0.29	0.48	0	1.06	0.32	0.88	1.08	0	0.27	1.05	0.66	0.43	0.26	0.13	0.21	0.33	0	0	0.21	0	0	0.82	0	0.64	0	0	0.26	0	0.51	0	0.58	0	0	0.32	0.28	0	0
Gene57	79.14	83.92	71.78	77.28	78.66	73	16.24	10.02	9.96	13.77	14.94	9.85	14.03	12.32	4.73	18.41	12.5	7.78	13.6	15.82	5.01	0.54	15.95	4.72	4.02	14.23	13.19	14.83	14.92	14.67	17.96	7.87	10.64	16.81	13.25	12.62	16.21	10.65	13.29	14.28	12.07	13.77	13.13	12.06	13.25
Gene58	0	0	0	0	0	0	0	0	0	0	0	0	0	0	0	0	0	0	0	0	0	0	0	0	0	0	0	0	0	0	0	0	0	0	0	0	0	0	0	0	0	0	0	0	0
Gene59	0	0	0	0	0	0	0	0	0	0	0	0	0	0	0	0	0	0	0	0	0	0	0	0	0	0	0	0	0	0	0	0	0	0	0	0	0	0	0	0	0	0	0	0	0
Gene60	0.07	0	0	0.07	0	0	0.73	0.76	0.27	0.55	0	0.24	1.22	2.05	0.28	0.99	0.83	1.04	0.55	1.25	0.3	1.1	0.63	1.03	0.8	0.38	0.18	0.12	0.14	0.39	0.19	0	0.62	0.25	0.32	0.1	1.56	0.35	0	0.15	0.07	0	0.26	0.72	0.3
Gene61	0	0	0	0	0	0	0.05	0	0	0	0	0	0.68	0	0	0	0	0	0.05	0	0	0	0	0	0	0.05	0	0.27	0.05	0.29	0	0	0	0	0	0	0	0	0	0	0	0	0	0	0
Gene62	2.43	3.48	2.61	3.31	2.91	3.17	2.49	0.53	1.49	1.81	0.96	1.08	1.13	0.66	1.41	1.75	0.79	0.48	1.32	0.91	0.99	0.46	1.38	1.73	1.69	1.69	1.32	1.26	1.29	0.93	2.18	0.85	1	1.54	1.43	0.76	1.63	0.87	1.26	1.03	0.88	1.38	1.22	1.06	1.45
Gene63	0	0	0	0	0	0	0	0	0	0	0	0	0	0	0	0	0	0	0	0	0	0	0	0	0	0	0	0	0	0	0	0	0	0	0	0	0	0	0	0	0	0	0	0	0
Gene64	0	0	0	0	0	0	0	0	0	0	0	0	0	0	0	0	0	0	0	0	0	0	0	0	0	0	0	0	0	0	0	0	0	0	0	0	0	0	0	0	0	0	0	0	0
Gene65	0	0	0	0	0	0	0	0	0	0	0	0	0	0	0	0.17	0	0	0	0	0	0	0	0	0	0	0	0	0	0	0	0	0	0	0	0	0	0	0	0	0	0	0	0	0
Gene66	6.65	8.53	9.87	11.69	5.66	8.09	43.68	48.62	42.48	20.07	46.53	52.4	21.59	49.95	26.21	50.57	52.68	45.73	25.79	22.22	16.11	25.24	29.08	11.05	21.37	22.6	16.21	19.5	17.83	22.81	14.17	13.44	13.14	9.41	6.93	9.45	12.49	27.01	15.53	14.58	12.83	11.91	9.96	10.93	14.01
Gene67	6.91	13.01	12.84	14.99	8.8	4.74	1.87	0.72	0.51	1.47	0.73	0.84	0.83	1.05	0.51	1.09	0.43	0.46	0.26	0.16	0.11	0.07	0.37	0.19	0.18	0.4	0.3	0.61	0	0.22	0.16	0.08	0	0.29	0.22	0.49	0.21	0.06	0.24	0.24	0.21	0.23	0.08	0.27	0
Gene68	3.39	2.5	2.7	2.98	5.09	4.5	1.8	0.35	1.03	1.25	0.36	1.17	1.07	1.04	0.59	0.66	1.91	0.65	1	1.5	0.37	0.06	1.23	1.48	0.87	1	1.1	0.73	0.99	0.57	0.88	0.57	0.99	1.24	0.95	1.19	1.47	0.76	1.15	0.75	0.78	2.62	0.81	1.28	0.62
Gene69	0	0.05	0.14	0.13	0	0.17	5.04	3.14	5.05	3.78	3.64	7.81	10.09	4.63	5.98	3.85	4.85	4.47	1.84	2.85	5.68	2.59	2.19	10.77	7.18	1.82	1.56	1.12	0.51	1.37	0.65	3.62	3.03	1.09	2.68	1.65	3.65	2.22	1.05	1.53	1.87	2.14	2.38	1.91	1.29
Gene70	52.69	41.36	51.16	52.1	56.15	41.67	16.13	21.81	17.68	16.3	16.87	17.66	16.91	23.77	18.28	14.94	28.98	17.23	18.69	19.46	18.2	2.63	19.55	17.77	12.45	19.63	23.05	17.37	16.63	16.44	20.01	15.86	14.02	28.18	25.45	23.34	16.86	15.32	18.52	19.82	24.48	30.1	24.89	13.67	15.44
Gene71	0	0	0	0	0	0	0	0	0	0	0	0	0	0	0	0	0	0	0	0	0	0	0	0	0	0	0	0	0	0	0	0	0	0	0	0	0	0	0	0	0	0	0	0	0
Gene72	6.8	7.64	6.27	8.44	8.71	7.24	6.65	5.42	0.86	6.97	3.88	4.41	2.77	3.38	4.27	3.85	4.22	5.4	2.65	3.08	2.69	0.77	2.87	4.81	1.87	4.16	3.21	3.77	2.86	2.49	5.43	2.29	1.73	5.08	3.64	2.7	1.49	1.55	3.24	3.38	2.57	1.92	2.35	1.89	2.37
Gene73	0	0	0	0	0	0	0	0	0	0	0.42	0	0	0	0	0	0	0	0	0.04	0	0	0	0	0	0.05	0	0	0	0	0	0.11	0.25	0	0.05	0.07	0	0	0.21	0.12	0.07	0	0.08	0	0
Gene74	13.03	8.32	9.75	9.18	8.14	13.44	0.49	0.92	0.43	1.77	2.04	0.58	0.94	2.26	4.55	2.4	0	0	1.3	2.05	0.76	0.18	5.01	1.21	1.58	4.51	5.64	22.99	4.93	3.71	4.15	4.77	4.76	20.6	11.22	3.61	5.18	6.22	2.29	5.49	5.96	1.87	6.97	9.32	4.88
Gene75	15.79	20.3	13.86	25.72	14.16	16.75	13.52	0.71	1.61	4.38	1.19	6.11	0.98	5.98	0.37	3.56	0.66	8.76	3.34	4.51	5.35	2.47	4.1	7.56	9.72	7.67	7.42	6.58	3.91	4.27	8.08	4.26	5.74	12.2	9.49	8.32	4.94	2.31	6.16	3.61	15.11	1.81	1.89	6.35	6.52
Gene76	0	0	0	0	0	0	0	0	0	0	0	0	0	0	0	0	0	0	0	0	0	0	0	0	0	0	0	0	0	0	0	0	0	0	0	0	0	0	0	0	0	0	0	0	0.25
Gene77	0	0	0	0.24	0	0	0	2.11	0	0	0	0	0	0	0	0	0	0	0.45	0	0	0.25	0	0	1.87	0	0	0	0	0	0.19	0	0	0	0	0.79	0	0.43	0	0	0	0	0.85	0.48	0.46
Gene78	1.13	0.1	0.44	0.58	0.31	0.6	6.37	1.37	5.22	6.47	2.77	3.33	7.17	4.63	5.69	5.67	4.85	2.72	1.49	3.42	3.24	1.28	2.52	7.38	6.67	2.23	2.06	1.12	1.33	1.67	0.95	2.15	2.42	1.36	1.45	1.1	5.45	2.12	0.77	1.38	1.35	1.77	1.97	2.74	2.43
Gene79	0.53	0.46	0	0.13	0.2	0	0.17	0.16	0.08	2.2	0	0.14	1.5	0.17	0	0	0.28	0	0	0.11	0	0	0	0.69	0.08	0.05	0.81	0.15	0.05	0.13	0	0.47	0.13	0.13	0.14	0	0	0.22	0.06	0.06	0.22	0.08	0.22	0.06	0
Gene80	95.69	84.44	79.88	79.98	91.3	94.45	36.43	15.28	16.42	31.03	17.71	16.01	32.68	17.16	12.06	26.08	16.56	10.45	18.7	19.6	7.94	2.15	20.4	10.14	9.9	28.4	25.7	32.27	30.72	28.08	36.07	14.12	14.25	25.61	20.01	23.11	27.86	18.97	20.15	21.13	23.82	19.29	22.01	29.05	25.52
Gene81	0	0	0	0	0	0	0	0	0	0	0	0	0	0	0	0	0	0	0	0	0	0	0	0	0	0	0	0	0	0	0	0	0	0	0	0	0	0	0	0	0	0	0	0	0
Gene82	253.26	269.74	242.33	255.12	264.31	254.42	82.26	31.74	35.99	64.18	35.25	32.84	81.51	34.17	22.38	54.33	41.06	28.63	35.85	38.71	14.4	4.79	54.48	18.19	15.94	62.45	63.68	64.31	75.59	64.81	72.78	30.52	29.22	54.04	35.08	38.51	41.01	51.14	35.35	40.64	58.26	41.97	42.1	47.34	40.47
Gene83	0.55	0.33	0.24	0.49	0.14	0.6	3.83	2.97	2.78	3.74	1.65	1.63	3.7	2.84	3.07	3.97	2.85	2.01	3.51	1.91	3.22	0.3	1.44	5.48	2.01	1.56	1.05	0.71	1.36	0.75	0.88	1.12	1.03	0.42	0.73	0.53	1.51	1.94	0.93	0.45	0.89	1.37	1.15	2.02	2.22
Gene84	74.1	85.09	83.33	79.58	80.28	82.34	33.25	13.15	21.53	24.3	23.41	12.85	31.19	20.79	15.17	25.84	19.11	19.98	17.45	13.15	7.61	2.33	20.07	11.07	9.69	20.52	22.22	18.99	21.62	19.13	26.65	10.42	9.98	14.53	14.85	12	19.17	13.02	15.7	13.53	15.29	13.87	12.33	18.12	15.18
Gene85	0	0	0	0	0	0	0	0	0	0	0	0	0	0	0	0	0	0	0	0	0	0	0	0	0	0	0	0	0	0	0	0	0	0	0	0	0	0	0	0	0	0	0	0	0
Gene86	40.7	41.57	42.97	37.06	37.18	41.03	21.84	11.05	12.97	17.29	13.2	15.87	24.88	10.15	17.38	21.4	13.62	19.25	12.14	12.8	13.49	4.42	12.52	22.12	11.2	11.85	15.22	16.24	13.45	13.54	15.06	6.31	6.54	13.53	7.82	11.72	24.24	11.89	9.64	11.62	12.38	10.28	12.52	15.07	13.15
Gene87	0.41	0	0.83	0.68	0.62	0.17	0.1	0	0	0.35	0.46	0	0.26	0	0	0	0	0	0.36	0	0	0	0	0	0	0.08	0	0.61	0	0	0.51	0	0	0	0	0	0	0	0.11	0.2	0	0	0	0	0
Gene88	0	0	0	0	0	0	0	0	0	0	0	0	0	0	0	0	0.35	0	0	0	0	0	0	0	0	0	0	0	0	0	0	0	0	0	0	0	0	0	0	0	0	0	0	0	0
Gene89	1.57	1.74	3.59	2.8	1.4	3.81	2.26	5.95	19.61	1.82	14.49	5.6	2.5	9.53	4.57	2.48	19.3	11.48	17.6	23.12	13.59	10.01	27.3	9.18	8.11	10.31	12.1	7.74	12.08	13.67	1.26	37.72	42.94	7.66	6.76	10.5	10.52	71.33	13.26	7.27	20.46	18.13	3.27	9.49	18.62
Gene90	0	0.2	0.07	0.06	0	0.09	0.42	0.28	0.08	0.68	0.44	0.28	0.38	0.38	0.32	0.11	0.11	0.11	0	0	0.45	0	0	0.13	0.08	0.07	0	0.05	0.2	0.13	0.08	0.31	0	0.07	0.07	0	0.36	0	0	0.03	0.17	0	0.07	0	0.18
Gene91	0.53	0.14	0.2	0.33	0.4	0.31	0.97	0.21	0.5	0.27	0.48	0.46	0.68	0.49	0.68	0.59	0.72	0.27	0.28	0.35	0.24	0.13	0.19	0.36	0.69	0.05	0.25	0.31	0.18	0.14	0.19	0.08	0.38	0.72	1.03	0.2	0.16	0.05	0.17	0.36	0.1	0.2	1.15	1.34	0.88
Gene92	0	0	0	0	0	0	0	0	0	0	0	0	0	0	0	0	0	0	0	0	0	0	0	0	0	0	0	0	0	0	0	0	0	0	0	0	0	0	0	0	0	0	0	0	0
Gene93	0	0	0	0	0	0	0.27	0	0	0	0	0	0	0	0	0	0	0	0	0	0	0.08	0	0	0	0	0	0	0	0	0	0	0	0	0	0	0	0	0	0	0	0	0	0	0
Gene94	1.28	1.26	1.14	0.96	1.62	1.28	3.53	4.07	6.74	3.61	2.71	8.22	6.25	5.09	7.28	3.71	5.87	4.58	2.77	5.34	5.58	2.64	3.33	8.75	6.85	2.58	2.01	2.44	1.48	1.32	1.88	4.09	4.16	2.6	2.69	2.8	5.16	2.94	1.87	2.46	1.47	2.99	3.91	2.37	2.89
Gene95	0	0	0	0	0	0	0	0	0	0	0	0	0	0	0	0	0	0	0	0	0	0	0	0	0	0	0	0	0	0	0	0	0	0	0	0	0	0	0	0	0	0	0	0	0
Gene96	493	531.7	506.92	535.93	567.9	416.08	246.32	107.28	156.17	215.56	151.22	81	224.79	163.61	132.91	94.16	315.97	219.51	220.72	216.42	147.86	14.4	205.57	171.66	92.67	333.37	315.99	338.3	160.11	191.33	220.4	427.52	360.81	538.89	455.1	315.91	300.77	222.94	522.98	524.05	529.55	449.08	417.68	450.93	400.79
Gene97	57.71	58.81	52.46	57.13	61.44	60.53	15.45	7.63	9.7	14.88	6.13	15.85	18.16	7.7	8.3	26.28	11.79	10.89	10.49	7.39	11.45	4.02	14.29	10.37	13.11	12.91	15.63	12.68	12.62	13.17	13.84	3.08	5.7	12.22	12.59	9.05	18.56	11.17	10.23	10.43	11.22	9.63	8.28	11.7	9.64
Gene98	696.49	709.91	679.11	659.62	708.51	693.36	246.03	291.37	273.43	237.91	343.88	224.87	246.57	296.04	180.39	294.1	278.3	259.51	230.4	244.82	150.76	36.17	276.71	133.89	147.2	158.53	158.9	165.11	187.24	189.22	218.5	91.11	99.86	184.67	146.72	141.73	165.07	112.06	166.07	161.97	152.18	168.17	161.28	146.15	150.17
Gene99	0.73	1.24	0.74	1.41	1.42	1.23	9.48	2.6	7.95	7.61	4.27	6.02	9.28	4.87	6.62	7.73	5.77	4.77	5.75	6.27	6.19	1.09	3.24	7.75	6.54	4.05	2.67	3.09	2.65	2.43	1.73	3.49	3.4	2.99	2.2	2.3	5.08	5.33	1.67	2.78	3.45	4.5	3.61	5.06	5.31
Gene100	0.34	0.09	0	0.13	0.11	0.13	2.24	3.76	3.96	2.11	2.43	6.61	2.78	1.74	3.25	2.75	1.78	2.38	2.59	2.22	3.28	5.18	1.59	3.54	2.6	0.23	0.76	0.47	0.71	0.38	0.57	1.38	0.47	1.31	0.69	0.64	1.04	1.09	0.74	1.04	0.28	1.68	0.78	0.31	0.55
Gene101	0.44	0.68	0.6	1.11	1.03	0.37	0.43	0.4	0.56	1.3	0.77	4.37	1.47	1.27	0.93	0.94	0.31	0.81	1.1	1.48	0.49	0.47	0.33	1.77	0.35	0.57	0.56	0.22	0.85	0.39	0.79	0.58	1.11	1.33	0.3	1.39	0.64	1.55	1.01	0.37	0.65	0	1.03	1.71	1.32
Gene102	0	0	0	0	0	0	0	0	0	0	0	0	0	0	0	0	0	0	0	0	0	0	0	0	0	0	0	0	0	0	0	0	0	0	0	0	0	0	0	0	0	0	0	0	0
Gene103	8.22	8.47	5.6	7.74	8.12	6.81	0.5	0.29	0.33	0.61	0.26	0.67	0.27	0.18	0.08	0.4	0.15	0	0.43	0.36	0.65	0.11	0.54	0.18	0.09	1.46	1.68	1.87	1.07	1.06	1.08	0.4	0.25	1.73	1.01	1.21	1.39	1.13	1.65	0.47	1.54	0.62	1.25	1.73	1.67
Gene104	3.17	2.84	2.68	3.25	2.79	3.96	8.6	5.89	6.04	4.31	6.76	8.88	5.66	8.71	7.03	6.84	12.26	10.61	6.32	5.66	7.16	1.12	7.78	8.67	7.53	3.28	2.12	4.84	2.67	2.34	2.79	4.29	2.46	4.38	2.85	2.27	4.11	3.19	5.4	5.87	6.08	3.57	3.34	4.05	3.78
Gene105	0.18	0.06	0.07	0.06	0.2	0.17	0.06	0.32	0.08	0.12	0.13	0	0	0.4	0.14	0.16	0.28	0.07	0.06	0.06	0.33	0.03	0.06	0.6	0.24	0.14	0.05	0.1	0.1	0.17	0.05	0	0	0.06	0.2	0.13	0.05	0.33	0	0.19	0.05	0.33	0.07	0.24	0
Gene106	0	0	0	0	0	0	0	0	0	0	0	0	0	0	0	0.44	0	0	0	0	0	0	0	0	0.22	0	0	0	0	0	0	0.74	0	0	0	0	0.29	0	0	0	0	0	0	0	0
Gene107	1.15	1.27	0.79	0.97	0.96	0.81	0.56	0.94	0.15	0.73	1.78	4	1.13	1.22	0.81	3.6	1.49	0.93	0.67	0.22	0.52	0	0.75	0.5	0.31	0.09	0.84	0.1	0.28	0.51	0.19	0	0.24	0.75	0.13	0.39	0.31	0	0.36	0	0.1	0.16	0.7	0.36	0.35
Gene108	0	0.24	0	0.23	0	0.31	0.67	0.9	1.43	1.17	0.57	1.34	2.13	1.01	1.67	0.57	1.97	0.9	0.44	0.48	1.14	0.24	0.31	2.53	0.9	0.8	0.71	0.73	0	0.34	0.2	2.39	0.12	0.36	1	0	0.1	0.31	0.11	0	0	0.46	0.91	1.01	0.37
Gene109	55.56	52.46	51.02	54.08	52.88	55.73	102.46	77.6	100.69	99.8	102.4	58.39	80.58	96.17	79.42	107.12	66.05	114.84	91.18	93.47	148.41	11.85	89.82	112.09	112.16	49.72	48.84	54.03	71.21	62.62	74.97	43.48	29.05	72.12	64.98	79.56	100.24	47.35	52.06	50.17	47.62	39.54	61.78	55.82	64.77
Gene110	0	0	0	0	0	0	0	0	0	0	0	0	0	0	0	0	0	0	0	0	0	0	0	0	0	0	0	0	0	0	0	0	0	0	0	0	0	0	0	0	0	0	0	0	0
Gene111	0	0	0	0	0.12	0	0	0	0	0	0	0	0	0.62	0	0.13	0	0	0	0	0	0.01	0	0	0	0	0	0	0	0.05	0	0	0	0.12	0	0.16	0	0	0	0	0.06	0	0	0.07	0
Gene112	27.44	27.93	26.94	29.54	29.41	26.62	10.13	4.51	2.59	5.25	4.32	1.97	6.39	3.08	3.77	6.43	5.84	4.88	5.88	7.13	2.43	0.57	6.1	1.6	1.32	9.2	9.38	11.68	10.94	10.01	10.44	10.84	6.05	13.84	9.33	9.33	9.42	10.95	7.6	10.89	9.75	6.47	11.34	11.96	11.46
Gene113	8.67	8.38	8.42	8.12	10.4	9.08	3.56	2.56	2.15	2.53	2.63	1.83	2.31	4.01	2.29	2.29	4.38	2.78	4.24	4.8	2.66	0.91	5.83	3.35	2.45	5.4	5.05	4.98	3.04	3.77	4.49	3.49	1.22	6.14	5.09	5.89	2.97	3.85	7.04	6.07	7.54	4.72	3.38	5.16	5.43
Gene114	35.02	30.7	31.1	32.57	32.73	37.48	54.99	84.1	75.4	58.01	68.78	66.24	49.05	56.12	84.94	65.98	62.14	68.89	52.5	63.71	107.58	28.59	65.51	99.96	107.15	26.69	27.4	27.17	28.58	29.39	35.54	14.88	16.12	26.93	19.41	33.47	32.55	19.37	27.39	29.07	21.17	15.02	33.78	25.1	30.05
Gene115	0	0	0	0	0	0	0	0	0	0	0	0	0	0	0	0	0	0	0	0	0	0	0	0	0	0	0	0	0	0	0	0	0	0	0	0	0	0	0	0	0	0	0	0	0
Gene116	25.43	25.25	23.78	28.96	28.28	27.38	20.82	16.13	21.86	23.91	19	15.58	27.48	15.64	15.3	28.74	15.13	22.27	18.95	17.01	21.45	3.95	17.65	19.52	22.43	16.79	13.49	19.51	14.95	12.63	15.48	8	4.97	13.25	9.41	9.47	23.15	10.12	13.71	16.85	18.78	13.87	14.51	17.26	17.17
Gene117	0	0	0	0	0	0	0	0	0	0	0	0	0	0	0	0	0	0	0	0	0	0	0	0	0	0	0	0	0	0	0	0	0	0	0	0	0	0	0	0	0	0	0	0	0
Gene118	2.12	1.43	1.48	1.53	1.57	1.39	0.41	0	0.35	0.11	0.11	0	0.44	0.48	0.06	0.19	0.53	0	0.44	0.1	0	0	0.05	0	0	0.46	0.19	0.53	0.43	0.42	0.07	0.31	0.82	0.9	0.71	0.77	0.05	0.63	0.71	0.57	1.23	0.82	1.02	1.18	0.59
Gene119	15.59	17.07	15.84	14	15.99	17.4	27.17	36.54	47.23	24.51	49.25	31.59	35.75	46.88	29.07	30.69	57.36	45.97	25.27	28.07	17.56	3.78	36.62	23.73	22.68	13.53	13.07	15.95	15.38	16.92	17.53	16.6	15.45	15.12	11.35	12.79	5.79	23.23	15.39	12.45	20.06	14	14.69	12.84	13.44
Gene120	28.19	29.98	31.49	28.99	27.44	28.04	23.99	23.29	23.25	23.16	20.11	20.59	25.94	17.03	21.41	23.85	25.41	26.31	20.15	25.76	17.96	5.01	25.59	22.28	17.58	17.45	18.84	19.02	17.23	16.38	19.24	10.41	10.49	25.28	18.33	17.77	17.57	14.8	19.23	20.6	18.66	15.13	20.86	18.19	18.43
Gene121	120.29	129.67	138.01	121.77	111.71	132.01	95.55	105.45	120.41	96.72	121.59	124.24	89.88	110.06	157.38	103.69	117.78	138.13	104.75	108.06	136.42	30.23	104.71	137.23	124.69	64.45	60.34	62.38	61.76	53.82	73.47	46.4	31.22	80.78	58.12	64.41	58.36	58.87	65.55	74.08	69.69	46.78	84.79	70.6	72.28
Gene122	28.83	23.31	24.46	22.08	28.69	22.01	8.88	4.71	8.16	15.08	10.91	7.69	11.71	8.76	8.15	5.11	28.59	16.03	15.95	20.26	8.01	2.63	13.54	7.67	10.81	16.19	15.41	13.5	20.68	18.36	20.59	18.87	18.25	54.55	34.7	40.59	20.08	17.73	39.57	29.79	36.05	24.11	59.29	48.48	47.22
Gene123	119.91	124.62	132.46	128.78	121.45	119.88	66.12	42.25	58.88	65.5	65.5	56	59.4	54.67	52.95	53.17	56.41	64.08	42.66	48.62	49.99	27.38	53.46	41.13	50.87	39.59	36.3	39.14	42.72	39.4	46.29	22.22	19.22	41.19	27.8	30.59	42.62	29.74	34.85	39.69	39.03	29.94	40.79	40.74	44.88
Gene124	0.2	0	0	0	0	0	0.19	0	0.25	0	0	1.14	0.6	0.38	0	0.18	0	0	0.38	0.19	0.89	0	0.37	0.28	0	0.48	0	0.66	0.48	0.49	0.2	0	0	0.21	0.45	0.22	0.54	0.36	0	0	0	0.29	0	0.4	0
Gene125	0.17	0.08	0.14	0.08	0.08	0.28	0.22	0.04	0.06	0.23	0.14	0.09	0.09	0.02	0.17	0.09	0.14	0.25	0.02	0.09	0.11	0	0	0	0.59	0.05	0.13	0	0	0.02	0.08	0.07	0.33	0.03	0	0	0.06	0.06	0.07	0	0.04	0	0	0	0
Gene126	0	0	0	0	0	0	0	0	0	0	0	0	0	0	0	0	0	0	0	0	0	0	0	0	0	0	0	0	0	0	0	0	0	0	0	0	0	0	0	0	0	0	0	0	0
Gene127	0	0	0	0	0	0	0	0	0	0	0	0	0	0	0	0	0	0	0	0	0	0	0	0	0	0	0	0	0	0	0	0	0	0	0	0	0	0	0	0	0	0	0	0	0
Gene128	0	0.04	0.06	0.12	0	0	0.04	0	0	0	0	0	0	0.04	0.05	0	0	0.06	0	0	0	0.02	0	0	0	0.03	0	0.03	0.07	0	0	0.05	0	0	0	0	0	0	0	0.02	0	0	0	0	0
Gene129	0	0	0	0	0	0	0	0	0	0	0	0	0	0	0	0	0	0	0	0	0	0	0	0	0	0	0	0	0	0	0	0	0	0	0	0	0	0	0	0	0	0	0	0	0
Gene130	0.05	0	0	0.11	0	0	0.11	0.05	0.35	0.06	0.78	0.25	0.08	0.1	0.38	0.19	0	0.56	0.05	0.1	0.12	0.03	0.1	0.16	0.36	0.04	0	0	0	0	0.04	0	0	0	0	0	0	0.1	0.06	0.11	0	0	0	0	0.05
Gene131	0.12	0	0	0	0	0.26	0	0.06	0.23	0	0	0.21	0.09	0	0	0	0.07	0.07	0	0	0.07	0	0	0	0.08	0.1	0	0.1	0	0	0	0.07	0.39	1.3	1.04	0.88	0.45	0	0.06	0	0.11	0	0.15	0	0
Gene132	1.62	1.28	1.13	1.19	1.48	1.14	1	1.09	0.9	1.72	1.21	0.78	0.99	0.75	0.75	1.52	1.87	1.74	1.78	1.1	1.03	0.27	1.62	1.84	1.76	1.38	1.51	1.48	1.36	1.72	1.6	1.64	0.67	2.42	1.52	1	1.7	1.9	1.33	1.19	1.51	1.38	2.98	3.38	2.8
Gene133	0.21	0	0	0	0	0.07	0	0	0	0.22	0	0	0.29	0	0	0	0	0	0	0	0	0	0	0	0	0	0.02	0	0.17	0	0	1.67	0.23	1.37	0.24	0.95	3.99	1.16	0	0.22	0	0	0	0	0
Gene134	2.11	2.18	2.93	2.65	2.84	2.79	4.74	11.57	8.06	3.86	7.46	9.58	6.22	7.73	8.57	4.73	9.68	8.44	7.86	10.58	13.82	3.16	7.96	19.31	13.51	4.14	4.68	4.48	3.48	3.43	5.5	5.93	4.56	8.48	8.44	6.22	5.41	4.77	5	6.26	5.8	5.59	7.31	4.2	5.38
Gene135	0.33	1.22	1.64	1.17	0.74	2.02	0	0	1.98	0.12	0	0	0.62	0.11	0	0	0.39	0	1.29	0.63	0.12	0	1.35	0.32	0	3.07	3.12	2.32	2.63	3.35	0.37	9.7	9.67	3.01	0.88	2.01	1.21	14.17	2.44	1.52	3.83	2.63	1.76	1.14	4
Gene136	67.88	66.38	62.46	72.36	67.32	67.12	14.3	5.25	6.88	12.74	6.37	3.87	12.04	5.79	3.76	9.63	9.26	4.97	7.08	9.35	3.65	1.25	10.79	4.31	3.62	16.2	17.4	15.4	15.59	16.6	17.44	11.94	8.59	15.01	11.43	12.95	11.7	15.26	11.73	16.3	11.91	17.29	17.51	15.2	16.63
Gene137	2.41	1.94	1.09	2.39	2.58	1.44	1.43	0.29	0.61	0.84	0.89	0.28	0.82	1.08	0.38	0.66	0.95	1.1	0.64	1.04	1.35	0	0.3	0.74	0.43	1.62	0.87	1.17	1.26	1.57	0.92	2.09	0.54	1.52	1.08	1.23	1.01	1.41	0.85	0.51	1.27	0.11	0.81	1.44	1.25
Gene138	40.74	39.13	37.69	41.69	42.3	36.14	13.49	14.87	13.98	11.2	13.47	10.57	12.09	10.02	8.68	9.47	16.31	12.59	12.04	12.89	11.19	2.35	15.26	15.35	9.42	12.02	14.08	12.24	11.3	10.3	14.27	7.44	12.44	21.6	16.89	13.29	7.6	7.33	14.45	12.19	15.47	15.96	12.4	9.02	10.21
Gene139	5.2	4.45	1.68	0.83	2.14	1.94	0	0.27	0.63	0.62	0	0	0.14	0	0	0	0.35	0.34	0	0	0	0	0	0	0	0.16	0.09	0.16	0	0.29	0.08	0	0	0.21	0	0	0	0	0	0	0	0	0.12	0	0
Gene140	363.46	380.31	394.43	373.37	356.43	392.08	293.08	191.95	224.13	297.5	230	251.32	289.64	193.53	263.36	318.83	212.43	257.61	159.9	177.8	242.95	101.33	193.85	202.34	270.6	222.2	228.51	231.16	254.43	244.88	252.89	121.56	96.12	216.53	178.44	224.19	305.2	163.26	196.6	214.35	225.78	143.52	228.06	215.23	231.93
Gene141	0.09	0	0.04	0.07	0	0	0	0.14	0	0.03	0.03	0.07	0.04	0.06	0.11	0	0	0	0.21	0.74	0.07	0.8	1.09	0.95	0.51	0.03	0.06	0	0.05	0.02	0.1	0.11	0	0.17	0	0.04	0	0	0.13	0.07	0.03	0	0.12	0.03	0
Gene142	0.38	0.96	2.35	2.17	0.07	0.12	0.71	0.39	0	0	0.43	0.39	0.12	0	0.15	0.04	0.05	0.74	0.25	0.16	0	0.07	0.24	0	0	0	0.12	0.25	0.14	0.22	0.04	0.24	0	0.19	0.1	0	0	0.12	0.09	0.09	0	0	0	0.13	0
Gene143	0.38	0	0	0.06	0.09	0	0.11	0	0.07	0	0	0	0	0	0	0	0	0	0.53	0.21	0	0	0.26	0	0.15	0	0	0.05	0.04	0.24	0.18	0.06	0.17	0.9	0.5	0.19	1.45	0.51	0	0.06	0.05	0	0.54	0.23	0.39
Gene144	42.9	44.5	48.34	41.58	35.61	41.47	54.66	76.97	70.76	64.66	72.54	67.47	60	65.36	72.04	55.12	78.74	87.43	61.03	64.6	72.93	15.4	71.62	93.95	64.9	49.3	54.64	58.63	49.87	50.54	58.21	35.47	30.67	71.79	54.78	58.86	55.21	41.89	61.65	57.49	52.47	43.58	62.92	50.05	56.05
Gene145	0	0	0	0	0	0	0	0	0	0	0	0	0	0	0	0	0	0	0	0	0	0	0	0	0	0	0	0	0	0	0	0	0	0	0	0	0	0	0	0	0	0	0	0	0
Gene146	0.08	0.08	0	0	0	0	0	0	0	0	0	0.09	0	0	0	0	0	0	0	0	0.09	0	0	0	0	0	0	0	0	0	0	0	0	0.08	0	0	0	0	0.16	0	0	0	0	0	0
Gene147	0.08	0.16	0.04	0.12	0.11	0	0.03	0	0	0	0	0	0.1	0	0	0	0	0.27	0.07	0.33	0.21	0.04	0.07	0.15	0	0.06	0	0	0	0	0.03	0.04	0.03	0.3	0	0.16	0	0.03	0	0.12	0	0	0.26	0.14	0.17
Gene148	20.29	18.64	16.66	16.21	19.5	17.91	13.35	8.15	10.49	11.68	7.34	7.23	13.34	8.8	8.08	10.51	10.25	8.13	9.51	10.23	8.34	1.83	11.94	8.3	6.97	12.59	16	14.36	12.33	12.15	13.23	9.35	8.26	16.37	12.91	12.44	9.7	11.63	8.52	12.74	12.71	9.9	11.51	12.37	12.06
Gene149	0	0	0	0	0	0	0	0	0	0	0	0	0	0	0	0	0	0	0	0	0	0	0	0	0	0	0	0	0	0	0	0	0	0	0	0	0	0	0	0	0	0	0	0	0
Gene150	10.09	11.4	11.56	11.25	10.31	10.96	10.24	9.72	10.17	9.79	10.29	7.46	10.5	10.14	8.27	9.5	12.61	10.88	6.22	9.27	7.28	2.04	8.22	8.64	6.22	4.28	4.64	6.07	4.95	4.19	7.13	4.84	5.7	5.61	4.98	4.94	5.57	4.17	5.89	6.19	5.78	5.49	5.96	4.96	5.06